Seq_number	New_name	Site	Bio_rep	Site_station	Station	Tech_rep	Replicate_per_station	k	k_station	Time_passed_h	Start_volume_mL	End_volume_mL	Volume_filtered_mL	Latitude	Longitude	Salinity	DO_mg_l	pH	CTD_depth	Sample_control	Control_Type
LA3.1.R1.S1.L001	LA3_1_1	LA3	1	LA3_1	S1	1	1	12	3	40	1000	100	900	33.70846667	-118.2739833	34.33	7.18	7.61	6.1	Sample	NA
LA3.1.R2.S2.L001	LA3_1_2	LA3	1	LA3_1	S1	2	2	12	3	41	1000	10	990	33.70846667	-118.2739833	34.33	7.18	7.61	6.1	Sample	NA
LA3.1.R3.S3.L001	LA3_1_3	LA3	1	LA3_1	S1	3	3	12	3	41	1000	200	800	33.70846667	-118.2739833	34.33	7.18	7.61	6.1	Sample	NA
LA3.2.R1.S4.L001	LA3_2_1	LA3	2	LA3_2	S1	1	4	12	3	40	1000	50	950	33.7082	-118.2711833	34.36	8.11	8.09	4	Sample	NA
LA3.2.R2.S5.L001	LA3_2_2	LA3	2	LA3_2	S1	2	5	12	3	40	1000	120	880	33.7082	-118.2711833	34.36	8.11	8.09	4	Sample	NA
LA3.2.R3.S6.L001	LA3_2_3	LA3	2	LA3_2	S1	3	6	12	3	40	1000	20	980	33.7082	-118.2711833	34.36	8.11	8.09	4	Sample	NA
LA3.3.R1.S7.L001	LA3_3_1	LA3	3	LA3_3	S1	1	7	12	3	42	1000	90	910	33.70816667	-118.2684167	34.36	7.29	8.17	3.81	Sample	NA
LA3.3.R2.S8.L001	LA3_3_2	LA3	3	LA3_3	S1	2	8	12	3	40	1000	150	850	33.70816667	-118.2684167	34.36	7.29	8.17	3.81	Sample	NA
LA3.3.R3.S9.L001	LA3_3_3	LA3	3	LA3_3	S1	3	9	12	3	40	1000	0	1000	33.70816667	-118.2684167	34.36	7.29	8.17	3.81	Sample	NA
LA3.4.R1.S10.L001	LA3_4_1	LA3	4	LA3_4	S1	1	10	12	3	40	1000	150	850	33.70801667	-118.2653	34.36	6.82	8.18	5.3	Sample	NA
LA3.4.R2.S11.L001	LA3_4_2	LA3	4	LA3_4	S1	2	11	12	3	40	1000	110	890	33.70801667	-118.2653	34.36	6.82	8.18	5.3	Sample	NA
LA3.4.R3.S8.L001	LA3_4_3	LA3	4	LA3_4	S1	3	12	12	3	40	900	10	890	33.70801667	-118.2653	34.36	6.82	8.18	5.3	Sample	NA
LA3.4.R3.S12.L001	LA3_4_3	LA3	4	LA3_4	S1	3	12	12	3	40	900	10	890	33.70801667	-118.2653	34.36	6.82	8.18	5.3	Sample	NA
LA3.Blank.S88.L001	Blank_1	LA3	Blank	Blank	NA	Blank	NA	NA	3	40	1000	100	900	NA	NA	NA	NA	NA	NA	Control	Blank
LA11.1.R1.S25.L001	LA11_1_1	LA11	1	LA11_1	S3	1	1	12	3	40	1000	30	970	33.71333333	-118.26225	34.36	7.73	8.2	13.5	Sample	NA
LA11.1.R2.S26.L001	LA11_1_2	LA11	1	LA11_1	S3	2	2	12	3	40	1000	10	990	33.71333333	-118.26225	34.36	7.73	8.2	13.5	Sample	NA
LA11.1.R3.S27.L001	LA11_1_3	LA11	1	LA11_1	S3	3	3	12	3	40	1000	90	910	33.71333333	-118.26225	34.36	7.73	8.2	13.5	Sample	NA
LA11.2.R1.S28.L001	LA11_2_1	LA11	2	LA11_2	S3	1	4	12	3	40	1000	0	1000	33.71225	-118.2596167	34.32	7.6	8.21	12.9	Sample	NA
LA11.2.R2.S29.L001	LA11_2_2	LA11	2	LA11_2	S3	2	5	12	3	40	1000	60	940	33.71225	-118.2596167	34.32	7.6	8.21	12.9	Sample	NA
LA11.2.R3.S30.L001	LA11_2_3	LA11	2	LA11_2	S3	3	6	12	3	40	1000	0	1000	33.71225	-118.2596167	34.32	7.6	8.21	12.9	Sample	NA
LA11.3.R1.S31.L001	LA11_3_1	LA11	3	LA11_3	S3	1	7	12	3	40	1000	5	995	33.71133333	-118.2569333	34.31	7.43	8.22	13.6	Sample	NA
LA11.3.R2.S32.L001	LA11_3_2	LA11	3	LA11_3	S3	2	8	12	3	40	1000	70	930	33.71133333	-118.2569333	34.31	7.43	8.22	13.6	Sample	NA
LA11.3.R3.S33.L001	LA11_3_3	LA11	3	LA11_3	S3	3	9	12	3	40	1000	0	1000	33.71133333	-118.2569333	34.31	7.43	8.22	13.6	Sample	NA
LA11.4.R1.S34.L001	LA11_4_1	LA11	4	LA11_4	S3	1	10	12	3	40	1000	70	930	33.71043333	-118.2545833	34.38	7.32	8.24	13.8	Sample	NA
LA11.4.R2.S35.L001	LA11_4_2	LA11	4	LA11_4	S3	2	11	12	3	40	1000	5	995	33.71043333	-118.2545833	34.38	7.32	8.24	13.8	Sample	NA
LA11.4.R3.S3.L001	LA11_4_3	LA11	4	LA11_4	S3	3	12	12	3	40	1000	40	960	33.71043333	-118.2545833	34.38	7.32	8.24	13.8	Sample	NA
LA11.4.R3.S36.L001	LA11_4_3	LA11	4	LA11_4	S3	3	12	12	3	40	1000	40	960	33.71043333	-118.2545833	34.38	7.32	8.24	13.8	Sample	NA
LA11.Blank.S90.L001	Blank_2	LA11	Blank	Blank	NA	Blank	NA	NA	3	40	1000	0	1000	NA	NA	NA	NA	NA	NA	Control	Blank
LA14.1.R1.S37.L001	LA14_1_1	LA14	1	LA14_1	S4	1	1	12	3	40	1000	110	890	33.77496667	-118.24595	34.44	6.3	8.15	6.98	Sample	NA
LA14.1.R2.S38.L001	LA14_1_2	LA14	1	LA14_1	S4	2	2	12	3	40	1000	100	900	33.77496667	-118.24595	34.44	6.3	8.15	6.98	Sample	NA
LA14.1.R3.S39.L001	LA14_1_3	LA14	1	LA14_1	S4	3	3	12	3	40	1000	90	910	33.77496667	-118.24595	34.44	6.3	8.15	6.98	Sample	NA
LA14.2.R1.S40.L001	LA14_2_1	LA14	2	LA14_2	S4	1	4	12	3	40	1000	90	910	33.7739	-118.2478333	34.4	6.62	8.18	6.43	Sample	NA
LA14.2.R2.S41.L001	LA14_2_2	LA14	2	LA14_2	S4	2	5	12	3	40	1000	0	1000	33.7739	-118.2478333	34.4	6.62	8.18	6.43	Sample	NA
LA14.2.R3.S42.L001	LA14_2_3	LA14	2	LA14_2	S4	3	6	12	3	40	1000	0	1000	33.7739	-118.2478333	34.4	6.62	8.18	6.43	Sample	NA
LA14.3.R1.S43.L001	LA14_3_1	LA14	3	LA14_3	S4	1	7	12	3	40	1000	180	820	33.772	-118.2491833	34.39	6.28	8.17	10.04	Sample	NA
LA14.3.R2.S44.L001	LA14_3_2	LA14	3	LA14_3	S4	2	8	12	3	40	1000	190	810	33.772	-118.2491833	34.39	6.28	8.17	10.04	Sample	NA
LA14.3.R3.S45.L001	LA14_3_3	LA14	3	LA14_3	S4	3	9	12	3	40	1000	100	900	33.772	-118.2491833	34.39	6.28	8.17	10.04	Sample	NA
LA14.4.R1.S46.L001	LA14_4_1	LA14	4	LA14_4	S4	1	10	12	3	40	1000	140	860	33.76988333	-118.2506167	34.4	6.27	8.18	11.93	Sample	NA
LA14.4.R2.S47.L001	LA14_4_2	LA14	4	LA14_4	S4	2	11	12	3	40	1000	80	920	33.76988333	-118.2506167	34.4	6.27	8.18	11.93	Sample	NA
LA14.4.R3.S2.L001	LA14_4_3	LA14	4	LA14_4	S4	3	12	12	3	40	1000	100	900	33.76988333	-118.2506167	34.4	6.27	8.18	11.93	Sample	NA
LA14.4.R3.S48.L001	LA14_4_3	LA14	4	LA14_4	S4	3	12	12	3	40	1000	100	900	33.76988333	-118.2506167	34.4	6.27	8.18	11.93	Sample	NA
LA14.Blank.S91.L001	Blank_3	LA14	Blank	Blank	NA	Blank	NA	NA	3	40	1000	0	1000	NA	NA	NA	NA	NA	NA	Control	Blank
LA6.1.R1.S13.L001	LA6_1_1	LA6	1	LA6_1	S2	1	1	12	3	40	1000	0	1000	33.76423333	-118.25425	34.36	6.2	8.16	16.5	Sample	NA
LA6.1.R2.S14.L001	LA6_1_2	LA6	1	LA6_1	S2	2	2	12	3	40	1000	0	1000	33.76423333	-118.25425	34.36	6.2	8.16	16.5	Sample	NA
LA6.1.R3.S15.L001	LA6_1_3	LA6	1	LA6_1	S2	3	3	12	3	40	1000	0	1000	33.76423333	-118.25425	34.36	6.2	8.16	16.5	Sample	NA
LA6.2.R1.S16.L001	LA6_2_1	LA6	2	LA6_2	S2	1	4	12	3	40	1000	15	985	33.76255	-118.25595	34.35	7.08	8.19	16.3	Sample	NA
LA6.2.R2.S17.L001	LA6_2_2	LA6	2	LA6_2	S2	2	5	12	3	40	1000	0	1000	33.76255	-118.25595	34.35	7.08	8.19	16.3	Sample	NA
LA6.2.R3.S18.L001	LA6_2_3	LA6	2	LA6_2	S2	3	6	12	3	40	1000	5	995	33.76255	-118.25595	34.35	7.08	8.19	16.3	Sample	NA
LA6.3.R1.S19.L001	LA6_3_1	LA6	3	LA6_3	S2	1	7	12	3	40	1000	0	1000	33.7613	-118.2577	34.35	7.1	8.2	16	Sample	NA
LA6.3.R2.S20.L001	LA6_3_2	LA6	3	LA6_3	S2	2	8	12	3	40	1000	0	1000	33.7613	-118.2577	34.35	7.1	8.2	16	Sample	NA
LA6.3.R3.S21.L001	LA6_3_3	LA6	3	LA6_3	S2	3	9	12	3	40	1000	0	1000	33.7613	-118.2577	34.35	7.1	8.2	16	Sample	NA
LA6.4.R1.S22.L001	LA6_4_1	LA6	4	LA6_4	S2	1	10	12	3	40	1000	0	1000	33.75933333	-118.2595167	34.34	8.33	8.2	17.19	Sample	NA
LA6.4.R2.S23.L001	LA6_4_2	LA6	4	LA6_4	S2	2	11	12	3	40	1000	0	1000	33.75933333	-118.2595167	34.34	8.33	8.2	17.19	Sample	NA
LA6.4.R3.S4.L001	LA6_4_3	LA6	4	LA6_4	S2	3	12	12	3	40	1000	0	1000	33.75933333	-118.2595167	34.34	8.33	8.2	17.19	Sample	NA
LA6.4.R3.S24.L001	LA6_4_3	LA6	4	LA6_4	S2	3	12	12	3	40	1000	0	1000	33.75933333	-118.2595167	34.34	8.33	8.2	17.19	Sample	NA
LA6.Blank.S89.L001	Blank_4	LA6	Blank	Blank	NA	Blank	NA	NA	3	40	1000	0	1000	NA	NA	NA	NA	NA	NA	Control	Blank
LB2.1.R1.S61.L001	LB2_1_1	LB2	1	LB2_1	S6	1	1	12	3	40	1000	180	820	33.7313	-118.23742	34.22	8.55	8.27	5.48	Sample	NA
LB2.1.R2.S62.L001	LB2_1_2	LB2	1	LB2_1	S6	2	2	12	3	40	1000	150	850	33.7313	-118.23742	34.22	8.55	8.27	5.48	Sample	NA
LB2.1.R3.S63.L001	LB2_1_3	LB2	1	LB2_1	S6	3	3	12	3	40	1000	200	800	33.7313	-118.23742	34.22	8.55	8.27	5.48	Sample	NA
LB2.2.R1.S64.L001	LB2_2_1	LB2	2	LB2_2	S6	1	4	12	3	40	1000	320	680	33.73273333	-118.23795	34.32	8.27	8.28	3.9	Sample	NA
LB2.2.R2.S65.L001	LB2_2_2	LB2	2	LB2_2	S6	2	5	12	3	40	1000	200	800	33.73273333	-118.23795	34.32	8.27	8.28	3.9	Sample	NA
LB2.2.R3.S66.L001	LB2_2_3	LB2	2	LB2_2	S6	3	6	12	3	40	1000	300	700	33.73273333	-118.23795	34.32	8.27	8.28	3.9	Sample	NA
LB2.3.R1.S67.L001	LB2_3_1	LB2	3	LB2_3	S6	1	7	12	3	40	1000	200	800	33.7341	-118.2384167	34.35	7.61	8.31	4.1	Sample	NA
LB2.3.R2.S68.L001	LB2_3_2	LB2	3	LB2_3	S6	2	8	12	3	40	1000	200	800	33.7341	-118.2384167	34.35	7.61	8.31	4.1	Sample	NA
LB2.3.R3.S69.L001	LB2_3_3	LB2	3	LB2_3	S6	3	9	12	3	40	1000	50	950	33.7341	-118.2384167	34.35	7.61	8.31	4.1	Sample	NA
LB2.4.R1.S70.L001	LB2_4_1	LB2	4	LB2_4	S6	1	10	12	3	40	1000	250	750	33.73483333	-118.2388167	34.34	7.06	8.29	5.6	Sample	NA
LB2.4.R2.S71.L001	LB2_4_2	LB2	4	LB2_4	S6	2	11	12	3	40	1000	300	700	33.73483333	-118.2388167	34.34	7.06	8.29	5.6	Sample	NA
LB2.4.R3.S5.L001	LB2_4_3	LB2	4	LB2_4	S6	3	12	12	3	40	1000	50	950	33.73483333	-118.2388167	34.34	7.06	8.29	5.6	Sample	NA
LB2.4.R3.S72.L001	LB2_4_3	LB2	4	LB2_4	S6	3	12	12	3	40	1000	50	950	33.73483333	-118.2388167	34.34	7.06	8.29	5.6	Sample	NA
LB2.Blank.S93.L001	Blank_5	LB2	Blank	Blank	NA	Blank	NA	NA	3	40	1000	0	1000	NA	NA	NA	NA	NA	NA	Control	Blank
LB1.0.R1.S85.L001	LB1_0_1	LB1	0	LB1_0	S5	1	1	15	3	40	1000	80	920	33.73265	-118.2231	34.33	NA	8.28	NA	Sample	NA
LB1.0.R2.S86.L001	LB1_0_2	LB1	0	LB1_0	S5	2	2	15	3	40	1000	100	900	33.73265	-118.2231	34.33	NA	8.28	NA	Sample	NA
LB1.0.R3.S87.L001	LB1_0_3	LB1	0	LB1_0	S5	3	3	15	3	40	1000	90	910	33.73265	-118.2231	34.33	NA	8.28	NA	Sample	NA
LB1.1.R1.S49.L001	LB1_1_1	LB1	1	LB1_1	S5	1	4	15	3	40	1000	300	700	33.73265	-118.2231	34.33	NA	8.28	10.5	Sample	NA
LB1.1.R2.S50.L001	LB1_1_2	LB1	1	LB1_1	S5	2	5	15	3	40	1000	200	800	33.73265	-118.2231	34.33	NA	8.28	10.5	Sample	NA
LB1.1.R3.S51.L001	LB1_1_3	LB1	1	LB1_1	S5	3	6	15	3	40	1000	310	690	33.73265	-118.2231	34.33	NA	8.28	10.5	Sample	NA
LB1.2.R1.S52.L001	LB1_2_1	LB1	2	LB1_2	S5	1	7	15	3	40	1000	280	720	33.73245	-118.2251167	34.31		8.3	10.3	Sample	NA
LB1.2.R2.S53.L001	LB1_2_2	LB1	2	LB1_2	S5	2	8	15	3	40	1000	220	780	33.73245	-118.2251167	34.31		8.3	10.3	Sample	NA
LB1.2.R3.S54.L001	LB1_2_3	LB1	2	LB1_2	S5	3	9	15	3	40	1000	270	730	33.73245	-118.2251167	34.31		8.3	10.3	Sample	NA
LB1.3.R1.S55.L001	LB1_3_1	LB1	3	LB1_3	S5	1	10	15	3	40	1000	280	720	33.73273333	-118.2264667	34.34		8.31	10	Sample	NA
LB1.3.R2.S56.L001	LB1_3_2	LB1	3	LB1_3	S5	2	11	15	3	40	1000	300	700	33.73273333	-118.2264667	34.34		8.31	10	Sample	NA
LB1.3.R3.S57.L001	LB1_3_3	LB1	3	LB1_3	S5	3	12	15	3	40	1000	10	990	33.73273333	-118.2264667	34.34		8.31	10	Sample	NA
LB1.4.R1.S58.L001	LB1_4_1	LB1	4	LB1_4	S5	1	13	15	3	40	1000	220	780	33.73276667	-118.2284833	34.33		8.29	9.5	Sample	NA
LB1.4.R2.S59.L001	LB1_4_2	LB1	4	LB1_4	S5	2	14	15	3	40	1000	250	750	33.73276667	-118.2284833	34.33		8.29	9.5	Sample	NA
LB1.4.R3.S1.L001	LB1_4_3	LB1	4	LB1_4	S5	3	15	15	3	40	1000	200	800	33.73276667	-118.2284833	34.33		8.29	9.5	Sample	NA
LB1.4.R3.S60.L001	LB1_4_3	LB1	4	LB1_4	S5	3	15	15	3	40	1000	200	800	33.73276667	-118.2284833	34.33		8.29	9.5	Sample	NA
LB1.Blank.S92.L001	Blank_6	LB1	Blank	Blank	NA	Blank	NA	NA	3	40	1000	0	1000	NA	NA	NA	NA	NA	NA	Control	Blank
LB14.1.R1.S73.L001	LB14_1_1	LB14	1	LB14_1	S7	1	1	12	3	40	1000	5	995	33.76705	-118.2348167	34.32		8.25	14	Sample	NA
LB14.1.R2.S74.L001	LB14_1_2	LB14	1	LB14_1	S7	2	2	12	3	40	1000	0	1000	33.76705	-118.2348167	34.32		8.25	14	Sample	NA
LB14.1.R3.S75.L001	LB14_1_3	LB14	1	LB14_1	S7	3	3	12	3	40	1000	5	995	33.76705	-118.2348167	34.32		8.25	14	Sample	NA
LB14.2.R1.S76.L001	LB14_2_1	LB14	2	LB14_2	S7	1	4	12	3	40	1000	20	980	33.76751667	-118.2328833	34.33		8.25	15.1	Sample	NA
LB14.2.R2.S77.L001	LB14_2_2	LB14	2	LB14_2	S7	2	5	12	3	40	1000	10	990	33.76751667	-118.2328833	34.33		8.25	15.1	Sample	NA
LB14.2.R3.S78.L001	LB14_2_3	LB14	2	LB14_2	S7	3	6	12	3	40	1000	0	1000	33.76751667	-118.2328833	34.33		8.25	15.1	Sample	NA
LB14.3.R1.S79.L001	LB14_3_1	LB14	3	LB14_3	S7	1	7	12	3	40	1000	5	995	33.76798333	-118.2307833	34.35		8.24	14.9	Sample	NA
LB14.3.R2.S80.L001	LB14_3_2	LB14	3	LB14_3	S7	2	8	12	3	40	1000	40	960	33.76798333	-118.2307833	34.35		8.24	14.9	Sample	NA
LB14.3.R3.S81.L001	LB14_3_3	LB14	3	LB14_3	S7	3	9	12	3	40	1000	0	1000	33.76798333	-118.2307833	34.35		8.24	14.9	Sample	NA
LB14.4.R1.S82.L001	LB14_4_1	LB14	4	LB14_4	S7	1	10	12	3	40	1000	0	1000	33.76883333	-118.22895	34.35		8.24	16.1	Sample	NA
LB14.4.R2.S83.L001	LB14_4_2	LB14	4	LB14_4	S7	2	11	12	3	40	1000	0	1000	33.76883333	-118.22895	34.35		8.24	16.1	Sample	NA
LB14.4.R3.S6.L001	LB14_4_3	LB14	4	LB14_4	S7	3	12	12	3	40	1000	0	1000	33.76883333	-118.22895	34.35		8.24	16.1	Sample	NA
LB14.4.R3.S84.L001	LB14_4_3	LB14	4	LB14_4	S7	3	12	12	3	40	1000	0	1000	33.76883333	-118.22895	34.35		8.24	16.1	Sample	NA
LB14.Blank.S94.L001	Blank_7	NA	Blank	Blank	NA	Blank	NA	NA	3	40	1000	0	1000	NA	NA	NA	NA	NA	NA	Control	Blank
LB1.LB14.ext.S98.L001	Blank_8	NA	Blank	Blank	NA	Blank	NA	NA	3	40	NA	NA	NA	NA	NA	NA	NA	NA	NA	Control	Blank
LA6.LA14.LB2.ext.S97.L001	Blank_9	NA	Blank	Blank	NA	Blank	NA	NA	3	40	NA	NA	NA	NA	NA	NA	NA	NA	NA	Control	Blank
PCR.neg1.S7.L001	Blank_10	NA	Blank	Blank	NA	Blank	NA	NA	3	40	NA	NA	NA	NA	NA	NA	NA	NA	NA	Control	Blank
PCR.neg1.S96.L001	Blank_10	NA	Blank	Blank	NA	Blank	NA	NA	3	40	NA	NA	NA	NA	NA	NA	NA	NA	NA	Control	Blank
PCR.neg2.S99.L001	Blank_11	NA	Blank	Blank	NA	Blank	NA	NA	3	40	NA	NA	NA	NA	NA	NA	NA	NA	NA	Control	Blank
LA3.LA11.ext.S95.L001	Blank_12	NA	Blank	Blank	NA	Blank	NA	NA	3	40	NA	NA	NA	NA	NA	NA	NA	NA	NA	Control	Blank